544 4064 4065 7817 4523 1133 7862 7736 7737 7738 1148 3197
1537 5252 9875 3999 552 2857 4777 7081 11440 12600 6847 1601 3663 11472 12114 4440 5849 7263 5984 9184 4578 6371 6505 11627 10480 10354 6516 11380 1017
12041 5388 10229
8840 2378 11435 3249 10129 2460 733
9603 8876 9452 6575 10641 1650 2643 8631 8632 10013
11584 9542 8584 9129 1933 2063 4498 6163 2075 3260
10976 6915 12812 9839 2579 7283 4984 10973 10974 10975
8960 10375 12810 2059 1170 3475 5786 9884 7712 11045 1319 3243 4907 3890 5437 1614 11346 212 2776 856 8666 2395 1501 10845 12008 5228 12012 7036
11524 6374 10252 2448 11411 7668 12117 12148 8987
1286 12935 4171 3212 3213 10383 6640 2449 9585 3029 7158 9499 6268 13053 4126
11603 6764 12806
1082 2980 8133
2945 12545 2194 3987 10010 1183 8360 1586 1204 7477 8887 12728 9816 11497 1642 107 2031 12272 6259 630 9848 12923 11902
12861 1636 4039 1418 10186 2028 7246 2225 11924 375 7224 6909
5793 3111 10060 910 7253 1211 6047
5464 8441 8817
8672 9888 3399 6475 11513 347
10373 2765 2198
9505 9506 2597 2630 141 2382 11602
2722 2723 2598 6347 13137 13138 5811 2996 2997 3126 2999 3127 13117 13118
544 4064 4065 7817 4523 1133 7862 7736 7737 7738 1148 3197
5534 7749 4262 8583 8393 8972 6765 7134
3997 8341 12711
2912 2913 3462 3463 5894 5268 2645 2646 4277 8534 3259
192 10629 7334
2437 2438 2439 7819 11920 1306 27 12836 2856 12584 6187 1454 1071 1072 2481 7604 8253 11457 6127 3321
483 4017 11186 2293 8251 8318
10608 8665 9694 10135
8065 4034 3785 7179 3386 5036 8268 9867 11903 6322 6515 7091 7092 12307 7447 1146 2655
8000 6529 7393 3049 7996 7997 7998 7999
3360 4387 8925
13088 2339 5349 2245 6442 13131 13165 3600 13109 13111 5659
11524 6374 10252 2448 11411 7668 12117 12148 8987
12615 10962 9746 9747 10937
6368 3937 2886 7558 8423 10632 6186 4141 4848 7063 8240 9969 11188 2871 4537 8894
1153 10299 11172 11837
984 8522 8523
2370 12134 5224 819 10265 9690
7649 8742 9934 11888 7572 7573 8825 959
6181 6182 6183 6184 6185 12574 12575
10789 4492 7895 7896 7325
4739 11269 6670 11026 2716 3614 11806 6562 9378 8612 10921 9258 6452 3509 7994 9147 7238 3787 2513 2407 6632 5226 11247 4849 12534 1914 7293 12926
10568 10601 12324
1376 10312 393 9418 7372 8014 786 3832 12063
10695 8789 4957 8796
10545 12265 4566
5508 4229 4230 4231 4232 4233 4234 4235 4236 4237 4238 1685 8708 680 682 683 684 685 10414 7990 5253 3288 10072 7003 7023 7024
8896 8166 9126 2219 12825 4981 9977 3837
9155 8553 10671 915 6484 11252 11412
12930 9488 9489 9490 9491 10001 10259 8350 8351 9122 3375 3376 12085 2878 10062 3932 3933 3934 12386 2035 2036 2037 8952 8953 8954 8955 8956 8957