12388 11270 7242 11370 1487 7834 6655
2961 12428 11494
7553 2058 9467 10650 2846 6432 6433 12192 6056 8746 6831 6832 7220 7102 4160 8902 1223 4167 2638 1361 10067 6108 2670 4206 3575 2555
4016 7397 7675 1533
1281 396 3866 421 6055 11180 174 12214 9015 8638 10815 2754 1863 3016 8010 6605 4306 4823 1762 6246 10226 2419 4468 501 4598 11765 11389 894
11299 10761 11242 4975 3444 11413 9497 6494 12703
7075 2663 11719 142 2384 10963 4287
13069 13070 13071 5142 12832 6049 12833 950 951 952 953 954 4155 4162 710 13016 13020 13022 13023 13024 13025 3573 3576 3577 3578
338 7923 8231
708 9707 7789 6863 5488 10896 5491 340 5396 12531 6455 2168 12572 6588 6718
10881 12683 12663
8840 2378 11435 3249 10129 2460 733
8033 1219 3747 678 7082 3211 7083 7309 8945 12991 5235 4445 4798 11423
3776 10177 12257 8900 934 12682 2763 7340 7188 4054
4864 4865 5546 7119 9040 9426 4926 12671
1218 11109 11049 12010 12586 8528 11409 5047 6907 927
32 13125 6150 13126 13140 13141 30 13086
2977 2978 4763 10809
10370 12515 5860 839 12688 4178 5400 889 8284 5469
5658 12122 5639
2207 11874 5123 3235 5956 7241 9545 9515 8076 6989 7086 4591 6767 5265 11312 10713 4863
10880 2433 10246 1290 11796 2197 7323 11303 6057 2610 7352 4158 1217 12097 5315 7363 10951 12488 10189 6992 3155 5588 1006 1394 371 3067 5887
7648 2403 6438 4466 9557
3936 9600 2244 6597 2759 8391 11368 1706 3149 8974 12687 2226 10933 7671 6809 4474 12535 1181
6306 2915 5899 12177 10066 3996 7807
6405 3980 7951 10394 1052 11548 11039 6689 11434 4267 9643 5307 5438 5575 1228 9303 11623 2032 6130 2296 8573 12031
12865 7427 4879 8725 7478 11583
9731 9219 4223
64 12608 6370 8105 465 2899 180 8180 8756 4953 11547 11485
7490 3268 1128 2131 1405 7966
3617 8707 9401 9572 9624 5481 5482 5483 5609 8172 11982 6038 6776 4665 4442 6109
4898 6717 8195 8069 10434 9383 4904 3817 5611 9451 622 9935 11793 8086 3736 5018 12795 2813
11649 7684 5030 7945 1131 8237 7823 12857 11700 4534 8857 123
5760 4485 4486 7178 1421 6031 2069 1430 2843 10016 10018 3366 6321 11955 11956 11957 3895 3896 3897 12737 2383 3924 12763 3039 11240 4595
3138 7749 4262 8583 8393 8972 6765 7134 1942 1373 5534
2560 9250 1860 7245 6256 11537 10131 7861 694 11161
3596 2862 2864 2675 628 6579 6580 316
3997 8341 12711
7456 5306 7922 3990
6546 7124 2326
10789 4492 7895 7896 7325
4739 11269 6670 11026 2716 3614 11806 6562 9378 8612 10921 9258 6452 3509 7994 9147 7238 3787 2513 2407 6632 5226 11247 4849 12534 1914 7293 12926
10568 10601 12324
1376 10312 393 9418 7372 8014 786 3832 12063
10695 8789 4957 8796
10545 12265 4566
5508 4229 4230 4231 4232 4233 4234 4235 4236 4237 4238 1685 8708 680 682 683 684 685 10414 7990 5253 3288 10072 7003 7023 7024
8896 8166 9126 2219 12825 4981 9977 3837
9155 8553 10671 915 6484 11252 11412
12930 9488 9489 9490 9491 10001 10259 8350 8351 9122 3375 3376 12085 2878 10062 3932 3933 3934 12386 2035 2036 2037 8952 8953 8954 8955 8956 8957
3360 4387 8925
13088 2339 5349 2245 6442 13131 13165 3600 13109 13111 5659
11524 6374 10252 2448 11411 7668 12117 12148 8987
12615 10962 9746 9747 10937
6368 3937 2886 7558 8423 10632 6186 4141 4848 7063 8240 9969 11188 2871 4537 8894
1153 10299 11172 11837
984 8522 8523
2370 12134 5224 819 10265 9690
7649 8742 9934 11888 7572 7573 8825 959
6181 6182 6183 6184 6185 12574 12575