544 4064 4065 7817 4523 1133 7862 7736 7737 7738 1148 3197
5448 4941 4942 6286 8689 11515 3709 3326
5658 12122 5639
612 8081 10418 8082 4115 10419
13074 4252 4253 12994 1993 4045 4046 5965 5840 5841 12878 13008 3028 12887 12902 13040 2289 13041 13042 13045 1785 1786
32 13125 6150 13126 13140 13141 30 13086
6786 1482 12558 3217 7409 10514 11220 8149 11800 9371
2177 10403 6084 6404 1161 4043 4140 3022 4558 6639 1970 5525 5239 12191 12378 7483 8415
11908 11909 2731 4780 588 8619 8620 8621 12494 2073 12250 12251 12249
6273 10020 7494 4487 2600 12715 2380 8300 9457 3892 2004 3893 759 3899
12694 10781 8990 1775
6238 706 294 295
1641 8244 3317
12041 5388 10229
8611 10124 10125 3125 3190 11222 12213
3776 10177 12257 8900 934 12682 2763 7340 7188 4054
8970 3954 1339
12290 1810 1811 9239 7195 3362 163 2215 6570 9783 1617 8659 2784 2786 4836 3814 9836 2290 9976
3969 4196 7637 1719
5568 7073 13057 2341 7461 2343 2350 10525 1759
11880 3082 11882 11883 686 8410
12355 1130 1295 2160 5690 9115 9116 3229
12797 7491 2696 1582 8752 9075 1974 7734 508 5277
4640 12928 10249 5530 10328 12505 6874 6875 10876
11971 6122 8599 8600 11320
2752 1541 8046
11009 7938 259 519 7303 9873 10130 11541 1686 12570 3370 12467 3255 4925 8771 1732 5068 3927 10712 6491 4710 5875 6901 8823 11768 4734
12962 7971 3332 4740 4616 12076 719 80 7451 3166
288 3136 11968 12513 1733 7750 9223 6602 11850 5008 6417 8691 12309 5622 1149 5983
7237 7017 8145 12851 7863 8376 2814
1827 1347 3972 5547 9324 2872 10110
4451 10317 8559 11762 11219 11199
4677 909 6735
5534 7749 4262 8583 8393 8972 6765 7134
12801 6530 7044 11527 8200 6153 7694 1813 2583 11680 12705 3621 13102 5551 12464 6978 9427 1366 12507 2408 7272 12781 3055 7031 5367
5768 525 526 527 6991 2935 7070
13074 4252 4253 12994 1993 4045 4046 5965 5840 5841 12878 13008 3028 12887 12902 13040 2289 13041 13042 13045 1785 1786
7040 11392 11778 3726 7830 7831 7832 28 10145 11558 3502 3503 10032 10033 7223 12734 8006 8267 847 5200 12132 7037 7038 7039
6019 9862 1419 10646 8473 5789 6565 4519 4779 11056 3381 5430 12859 4813 9042 1749 5589 11608 474 9189 3966
11521 6502 5067 12109 5968 12466 3795 1014 5110 4728 4729 4730
9248 3618 11202 5060 1544 6250 5903 7728 5969 7187 247
4834 4743 8999 8622 4982 2812
7232 5864 1417 6542 10224 4785 12723 1812 1046 12828 1117
5568 7073 13057 2341 7461 2343 2350 1051 10525 1759
11908 11909 12228 8617 8618 2731 4780 588 8619 8620 8621 12494 2073 12250 12251 12249
4802 3364 8397 8976 6739 10611 11831 1369 10748
6981 10188 10253 1651 5139 11415 3960 10139
7075 2663 11719 142 2384 10963 4287
6238 706 294 295
3994 7822 1878 1351
10113 3593 10121 12822 1047 11673 3610 6045 10526 6431 11306 11576 11577 9281 5194 11341 11086 11087 11088 11089 11090 1755 1756 1757 1758 1760 6642 12667
12874 1323 4173 10204 2047
5568 7073 13057 2341 7461 2343 2350 10525 1759
6790 10573 4422
13129 5661 1550
3712 9473 9471 11528 8649 4108 4109 6700 10797 11441 13177 7771 9469 9470 1919
13026 13027 13028 13029 13062 13063 13064 5837 6062 4473
6238 706 294 295
888 8916 8358
9731 9219 4223