544 4064 4065 7817 4523 1133 7862 7736 7737 7738 1148 3197
1537 5252 9875 3999 552 2857 4777 7081 11440 12600 6847 1601 3663 11472 12114 4440 5849 7263 5984 9184 4578 6371 6505 11627 10480 10354 6516 11380 1017
12041 5388 10229
8840 2378 11435 3249 10129 2460 733
9603 8876 9452 6575 10641 1650 2643 8631 8632 10013
11584 9542 8584 9129 1933 2063 4498 6163 2075 3260
10976 6915 12812 9839 2579 7283 4984 10973 10974 10975
8960 10375 12810 2059 1170 3475 5786 9884 7712 11045 1319 3243 4907 3890 5437 1614 11346 212 2776 856 8666 2395 1501 10845 12008 5228 12012 7036
11524 6374 10252 2448 11411 7668 12117 12148 8987
1286 12935 4171 3212 3213 10383 6640 2449 9585 3029 7158 9499 6268 13053 4126
11603 6764 12806
1082 2980 8133
2945 12545 2194 3987 10010 1183 8360 1586 1204 7477 8887 12728 9816 11497 1642 107 2031 12272 6259 630 9848 12923 11902
12861 1636 4039 1418 10186 2028 7246 2225 11924 375 7224 6909
5793 3111 10060 910 7253 1211 6047
5464 8441 8817
8672 9888 3399 6475 11513 347
10373 2765 2198
9505 9506 2597 2630 141 2382 11602
2722 2723 2598 6347 13137 13138 5811 2996 2997 3126 2999 3127 13117 13118
10531 6125 3412 1495 11994 11995
4576 2657 5121 11616 5828 8996 2471 8202 4843 430 12752 9361 10228 11989 6167 1402 1500 6334
5568 7073 13057 2341 7461 2343 2350 10525 1759
13088 2339 5349 6442 13131 13165 3600 13109 13111 5659
8000 6529 7393 7996 7997 7998 7999
12105 2962 12102
7040 11392 3726 7830 7831 7832 28 10145 3502 3503 10032 10033 7223 12734 8006 8267 847 5199 5200 12132 5992 7037
71 12339 341 342 1335 9274 1212 7935
1984 3077 8607 10153 362 2955 2956 5803 3278 5804 5805 7865 4602 2108 7582 7583
8129 6564 8744 10445 11597 12206 9846 9276
12618 11084 7853 5230 6287 11919 10898 2995 8883 4636
6959 6129 9428 4309 4921 91
12091 3906 2019 9317 2919 1704 3623 8781 10606 5647 3568 3379 5563 9045 12537 3195 9854 4319
984 8522 8523
9710 4861 5118
11104 6154 2319 8465 7805
8000 6529 7393 7996 7997 7998 7999
608 8101 9902 12559 17 1875 4659 3862 5752 3838
13083 1187 938 939 940 941 942 943 944 185 1226 2511 2512 213 214 215 216 217 218 219 220 221 106 236 237 2029
1825 8257 7107 8332 47 1109 437 7287 1531 8508
2265 2442 7103
6721 5970 7523
1160 8493 7487
13069 13070 13071 5142 12832 6049 12833 950 951 952 953 954 4155 4162 710 13016 13020 13022 13023 13024 13025 3573 3576 3577 3578
1634 2724 12644 11336 6218 7661 46 5776 11763 12566 6807 3291 10012 6141
3994 7822 1878 1351
12540 5774 9207
4416 12133 3302 12078 12079 10198 11615
12741 937 1579 3597 10930 11294
9413 6813 9414 9702 9703 8143 8144 2199 6812 5085 6687
6304 3684 3685 5769 5770 5771 1774 2641 9940 1174 1912 4093 10174
7968 1313 3203 8803 8806 10570 2669 12019 6229 12670
612 8081 10418 8082 4115 10419
11465 1513 2779 11164
5448 4941 4942 6286 8689 11515 3709 3326
6566 6298 2313 2314 5097 2316 410 411
2595 7470 10495
6033 6034 7706 1972
1477 11079 6698 9482 10796 3632 12310 8763 6138 5979 3069
9728 12544 10726 7984 6258 671