69184 62982 106955 105049 105050 104284 104285 104286
19844 5157 56456 56457 34158 16209 6262 25530 10847
62466 92909 92910 92911 59771 111708 21501
82594 81125 81126 81127 9768 81128 81129 49131 82901 83448 83449 46430
66467 66468 66469 66470 75847 69484 64279 64280
14976 102746 105619 105620 105621 50456 102745 50458
36964 1573 36965 73383 82660 73385 35243 86575 82013 82012 37309 82015
113569 105126 42278 113703 113161 103018 108654 108686 108732 113145 113627 61564 103646
113091 113092 113093 56914 56915 23995 53692 53693
42633 40620 32782 42958 48910 41204 49109 12406 48119 48182 41277
62412 56401 56402 56403 56404 72666 38621
99744 41287 106380 32174 96370 103167 47605 99480 99481 99482 99483 107551 99743
15050 46064 89595 52120 52730 52731 89596
53472 75627 49295 49296 49297 76823
5344 5345 5346 5347 5933 5934 5743 5343
88736 88737 88738 88739 88740 26892 95917 95918 85622 41818 88734 88735
449 708 709 1809 2454 890
63418 68646 17160 44204 35821 40334 63856 63857 66096 68466 68467 69360 26586 17019 29852
85565 76777 70385 85563 85564 20925 78719
66337 15047 68656 40402 5170 85812 65467
66245 28714 83596 30445 83597 74899 82138 82139
86283 2643 65172 78585 80122 86270
105412 19140 105413 105414 105415 105416
54976 54977 95722 95723 94638 9935
106144 114052 101613 110638 110639 30451
41344 41345 41346 41347 41394 41395 41396
28201 25994 64848 64849 28980 81308 5180
6801 6802 6803 6804 6805 253
68523 21360 96277 96278 95963 97439
5734 5735 64142 41595 28628 33079 90490 5691 41596 51038
73536 48547 76234 106476 106478 104370 104371 107410
36672 39978 30699 35436 35437 39979 39980 41245
100257 64046 41518 47030 77305 46620 11615
63975 46632 81293 81294 93679 34323 97236 88761 19164
92324 92325 92326 26249 103278 45874 102037 102038 102039
45826 93123 93124 19944 40937 85805 66542 74615 95673
15491 15492 24788 24789 14359 14360 26905 6266
96771 43374 101109 101110 101111 107386
19813 19815 26730 18763 60427 88191 44798 34143
58784 65444 105649 107665 33720 91133 58782 58783
94178 94179 87403 87404 82097 82098 29631
32385 43141 41485 41486 41487 41488
101417 110537 101419 101420 110730 22421 51381
31197 31972 31198 33497 31388 31389 31390 31391
94208 88417 88418 88419 94209 59594 96244
25348 6376 56812 89356 63694 88884 88885 88886 89111
58515 58516 57397 57398 59667 45662
45028 2126 83118 5105 85844 43767 48124
19620 36356 86247 22954 80399 80400 80401 48952 49532 83999
13637 108571 12527 73781 105941 41465 92057 92059 90718 92058
36070 56168 84780 85325 86413 80879 25844
87479 49476 87480 70248 66667 87475 87476 87477 79383 79384 87481 87482
86115 49316 83781 51046 83782 86187 86188 86189 98923 107852 107314 79286 99543 88440 92793 50175
4320 4449 4275 4276 4277 4317 4318 4319
19521 108546 77543 28556 28557 28558 28559 80059 15409 42357 9883
14688 26913 15820 19698 26196 19930
54211 112963 36655 112178 112179 112180
20055 20049 20050 19859 20052 20051 20053 20054 20818
22497 22498 22500 388 22501 22502 22503 23444 9493 44890
23138 86698 58357 80987 80988 25150