113728 112740 109989 109990 99469 85969 113427 37942 16347
19726 22832 22833 22834 24210 24211
15139 1798 15127 15128 15129 15130
51329 4131 51332 56553 49965 64110 64916 57882
18502 17620 17621 17622 15991 17623 18395 11005
38340 36969 60974 53490 41652 60796 60797 37438
50852 50853 50854 47499 39762 44665
72864 51329 4131 51332 49965 64916 57882
62499 61828 61765 58221 58222 58223
105408 105409 68931 66277 17030 91752 108331 42798 11246 58492 2932 76602 81371 40508 43837 108606
37025 10213 48427 14385 37778 45496 45497 4159
52228 31109 31110 31111 90347 56684 47541 66399 38847
25393 25394 19091 25396 25395 25397 28379
69505 64742 62126 67247 57713 57714 62097 55669 51159 51160 97499
102048 102049 57978 102044 102045 102046 102047
51425 51426 58949 58950 58951 58952 61479 53106
96320 13284 97318 34346 8907 18895 35823 94879 67639 33085 27679
25953 72068 8810 14991 90804 92888 64251 64252
38468 80549 89961 90441 90442 91024 64538 64539 64540 64542 20511
23554 76611 94791 97064 92463 97014 81245
19355 78986 82859 82860 56109 77071 76923
62560 62561 62562 62563 62564 62565 62566 511 62559
23008 79139 63635 34038 102521 79773
1024 13796 2436 39785 12490 39786 40745 40746 40747 20849 29174
4386 73684 68277 73688 73689 73690
8704 71879 80328 50504 12136 86815
90567 75496 72628 72629 94423 95032 95033
76229 77605 42376 54443 68716 70645 70646 77495 17947 68062
111752 26153 68811 68812 111501 110481 19026 114065 111765 111766 111767 66456 66457 111768 64670
49030 48327 43353 38859 37133 37134 43354 62354 38617 38618 43355 43356 2333
111456 111457 58795 6799 111164 13374
62209 62022 78566 10184 36553 61384 7211 78567 17238
15872 48902 28463 28464 80786 80787 26485 24758 24759 24761 24762
46018 11974 66125 70221 113271 21944 78493 8638
95104 77699 102182 102183 103756 106263
17728 20805 20841 15604 17908 19899 9052
1035 25292 14960 38321 66288 69109 26810
59329 50020 21575 75082 75722 75723 69814 75068
43202 29667 70562 35398 55337 44043 91379 32120 32121 37018 35196
108001 107493 92589 97238 101048 56828 106782
78849 78850 28359 78858 78859 10200
65008 101937 101936 101938 105106 67637 105588 108405 108727 108511 108351
9454 30514 30515 30516 30517 30518 30519 30520 30878
45992 82639 82640 82641 82259 102739 102740 84252
34754 34755 34756 30888 49425 49426 33811 14515 18614
58241 103846 103847 102057 102058 8310
24035 64680 64681 64682 64691 62388 64692 64693 64694 66419 64695 66420 66421 66422
160 1608 4360 811 718 719 15475
16386 32939 33387 28462 26704 23955 32567
92785 35378 35379 92787 92786 107090 96027 94334
64608 64609 47843 23780 31857 18294
31653 60039 60040 33354 66860 66861
68739 71919 24048 72373 100375 100376 100377 100378 100379
78260 74777 74778 74779 74780 74781
70820 112942 109711 109712 111804 9916
112387 112484 112300 112301 112786 106714
89633 60354 94690 94565 94566 54744 113425 61717 46104 77242 1243
92034 111280 111281 111864 111865 111866 47326
52480 12259 52453 15437 52434 52435 52479
46625 46626 13156 6565 25832 48554 44140 44141 54431