69184 62982 106955 105049 105050 104284 104285 104286
6433 11496 21332 19125 19126 19127 15388 15679
106185 70411 105278 102075 102076 102077 102078 102079
35712 35713 35714 35715 35716 35711
2336 2337 2152 2409 2334 2335
35652 35217 51322 67451 67452 67453
82592 82593 68297 85119 82590 82591
71009 71010 71011 39163 79389 79390 79391
44567 37513 45720 34805 42198 36727 36728 45721 36507 45723
14147 29701 16678 35372 102327 53886
68421 11560 9450 58325 65439 67967
36422 37965 35054 35055 35056 37966 37967
104896 9639 106639 106640 38513 86682
4627 4628 4629 4630 4631 4632 4633 4634 5149
92128 94088 94089 75418 92126 92127
31912 90440 54191 95420 52218 93020
2145 54434 81859 47782 41158 71622 38249 94538 54196 84730 41722 48732
99750 99751 35350 102071 102072 102073 102074 38587
110306 110307 73930 87216 108885 108886 108887 108888 64442
12957 98862 58863 74003 48596 86165 92435 102715 56349
54534 33223 33352 33353 74280 82668 70255 93231 87570 66239
75683 112516 112515 112517 112518 113587
49476 79383 103959 103960 98071 99568 98072 99569 89299 103958 87479 79384 87481
75683 75684 47365 75685 75686 75687 75688 67853 107825 38101 84666 83097 83098 94494
63848 79404 91789 53944 39855 5007 79406 79407 35992 82777 86366
11745 13059 9734 23846 10121 10058 13257 13258 31352 9839 11663 9203 11190 11191 18392
20896 21345 21346 21347 24163 24070 24078 24079
102755 102756 102757 108649 104045 98030 28048 91664 25142 108310 48891 40700
45319 20137 23854 104819 62324 96347
19585 43910 43911 43912 44591 45588 45589 110172 110174
99812 33479 19632 60049 75476 75477
49443 89509 89510 78634 78635 96427 77297 87411 89269 89270 70300
97665 33834 102250 102251 102252 102286 102287 102288 106892 88695 99448 99449 103038 103039
26048 71115 49900 4844 71116 39153 54519 40697
61030 61031 61032 62057 11179 5781 20888
56324 56325 61253 34089 61230 1935 1840 31832 43676
10852 78502 31208 33353 22891 78388 78389 78390 78391 34555 34556
83488 83489 32168 32169 32170 28689 28690 28691 24147 94738 94739 94740 83486 83487
41569 71106 73608 30921 73609 78152 43829 45050
12676 74855 74856 74857 74775 74776
39140 44456 44457 44458 44459 48362
44897 80482 104158 46674 93172 59381 93173 30394 74651 84094 104159
79621 79016 79017 50094 38355 25273
113314 113315 39595 110220 110221 110222
73408 30020 42534 76139 103436 37197 45457 74294 66265 66266
28388 104199 44936 44937 44938 44939 44940 52886 19256 18494 25886
88452 86694 85646 107986 107193 96636
111328 16866 103335 112008 112009 66954 27217 93558 67870
12034 13160 12847 21203 35356 35357 35358
42981 21318 57994 57995 73005 62138
53953 53954 63013 63014 63015 22450
85095 67145 69839 42458 42459 69148 54141 3935
83969 84097 60739 60004 82789 94087 51090 84083 94419 81816 85087
109090 109091 112195 112196 112197 5934 112149 112150
87072 87073 87074 57027 87075 89348 96968 27 87070 87071
17152 66561 22436 22437 46535 43982 43825 8595 28826 44735
69509 7782 62727 62728 77989 107113 15308 74943
95111 92392 92393 92394 95112 12543
84105 82415 75503 82416 82417 71576 77942 64248
22986 22987 54003 54652 54653 54654