69184 62982 106955 105049 105050 104284 104285 104286
6433 11496 21332 19125 19126 19127 15388 15679
106185 70411 105278 102075 102076 102077 102078 102079
35712 35713 35714 35715 35716 35711
2336 2337 2152 2409 2334 2335
35652 35217 51322 67451 67452 67453
82592 82593 68297 85119 82590 82591
71009 71010 71011 39163 79389 79390 79391
44567 37513 45720 34805 42198 36727 36728 45721 36507 45723
14147 29701 16678 35372 102327 53886
68421 11560 9450 58325 65439 67967
36422 37965 35054 35055 35056 37966 37967
104896 9639 106639 106640 38513 86682
4627 4628 4629 4630 4631 4632 4633 4634 5149
92128 94088 94089 75418 92126 92127
31912 90440 54191 95420 52218 93020
2145 54434 81859 47782 41158 71622 38249 94538 54196 84730 41722 48732
99750 99751 35350 102071 102072 102073 102074 38587
110306 110307 73930 87216 108885 108886 108887 108888 64442
12957 98862 58863 74003 48596 86165 92435 102715 56349
69184 62982 106955 105049 105050 104284 104285 104286
42147 78151 105615 38449 35191 38270
100332 100333 100334 100335 100336 12305 74162 100337 12536 99101
47179 47180 47181 47822 10262 11896
74415 111697 5329 113873 6172 77375
53920 113921 49762 77990 95149 49488 109265 109266 23867
54721 57025 80068 80069 29863 29864 60107 71670 89278
11008 40421 23717 69293 19573 65530 65531 65532 67229
52644 52645 50358 1878 55382 50359
88450 88451 103768 106186 98063 90193 106161 106197 100823 100824 100825 100826 96859
64608 64609 47843 23780 31857 18294
31653 60039 60040 33354 66860 66861
68739 71919 24048 72373 100375 100376 100377 100378 100379
78260 74777 74778 74779 74780 74781
70820 112942 109711 109712 111804 9916
112387 112484 112300 112301 112786 106714
89633 60354 94690 94565 94566 54744 113425 61717 46104 77242 1243
92034 111280 111281 111864 111865 111866 47326
52480 12259 52453 15437 52434 52435 52479
46625 46626 13156 6565 25832 48554 44140 44141 54431
78849 78850 28359 78858 78859 10200
65008 101937 101936 101938 105106 67637 105588 108405 108727 108511 108351
9454 30514 30515 30516 30517 30518 30519 30520 30878
45992 82639 82640 82641 82259 102739 102740 84252
34754 34755 34756 30888 49425 49426 33811 14515 18614
58241 103846 103847 102057 102058 8310
24035 64680 64681 64682 64691 62388 64692 64693 64694 66419 64695 66420 66421 66422
160 1608 4360 811 718 719 15475
16386 32939 33387 28462 26704 23955 32567
92785 35378 35379 92787 92786 107090 96027 94334