3072 2657 2945 2597 2727 2730 2928 3006 2969 3066 2942 2559
1571 1540 1636 1545 1610 1641 1581 1555 1535
267 147 24 167 46 303 176 53 63 199 72 205 87 219 227 100 231 236 118
198 262 234 218 253 158
1215 1227 1324 1261 1134 1230 1300 1181 1143 1239 1307 1213 1183
1761 1770 1866 2219 1712 1904 1714 2000 1849 1790
3403 3396 3125
2944 2497 2658 2651 2408 2409 2824 2379 2797 2416 2807 2393 2394 2555
1121 1124 1221 1162 1136 1168 1266 1328 1209 1242
2184 1808 1814 1786 2332 1914 2207 1824 1961 1842 1865 2251 1869 1879 2147 2164 1911 2169 2298 2303
2532 2855 2571 2987 2932 2997 2780
3104 3559 3273 3087 3538 3351 3229
3585 3587 3594 3595 3578
640 516 398 1040 915 916 1044 1047 669 421 430 451 838 711 1096 467 1107 346 354 357 613 364 1005 751 754 883 1013
1669 1682 1685 1688 1691
2113 2212 2054 2025 1834 2099 1749 2038 1817 1851
2881 3074 2410 2641 2931
705 386 455 457 499 693 566 444 605 604
2688 3073 2692 2827 2828 2830 2855 2604 2872 2752 2893 2511 2781 2912 3045 2807 2424 2939 2428 2941
2468 3076 2536 2892 2381 3021 3022 2705 2578 2674 3032 2488 2585 2490 3065
2944 2497 2658 2651 2408 2409 2824 2379 2797 2416 2807 2393 2394 2555
1121 1124 1221 1162 1136 1168 1266 1328 1209 1242
2184 1808 1814 1786 2332 1914 2207 1824 1961 1842 1865 2251 1869 1879 2147 2164 1911 2169 2298 2303
259 13 15 279 281 27 30 290 35 295 44 175 305 311 193 84 101 104 123
2562 2724 2343 2890 3052 2478 2734 2577 2865 3058 2710 2970
2406 2439 2844 2750 2655
1376 1410 1379 1381 1353 1354 1401 1449 1467 1337 1338 1339
2568 2699 2576 2967 2969 2850 2470 2344 2345 2346 2478 2608 2866 2483 2359 2883 2884 2637 2383 2895 2776 2530 2545 2674 2421 2812
2423 2648 2395 2493 2814
2568 2576 2938 2986
3584 3617 3592 3604 3577 3579
2533 2790 2663 2888 2981 2680 2736 2679 2488 2715
1537 1541 1543 1551 1554 1559 1566 1577 1579 1583 1586 1589 1593 1594 1595 1598 1603 1604 1609 1615 1616 1621 1494 1622 1627 1501 1631 1504 1636 1512 1515 1516 1644 1524 1526 1533 1535
1122 1202 1299 1273 1244
1927 2134 1887
2944 2497 2658 2651 2408 2409 2824 2379 2797 2416 2807 2393 2394 2555
1121 1124 1221 1162 1136 1168 1266 1328 1209 1242
2184 1808 1814 1786 2332 1914 2207 1824 1961 1842 1865 2251 1869 1879 2147 2164 1911 2169 2298 2303
259 13 15 279 281 27 30 290 35 295 44 175 305 311 193 84 101 104 123
2562 2724 2343 2890 3052 2478 2734 2577 2865 3058 2710 2970
1541 1543 1545 1551 1554 1568 1575 1576 1577 1579 1583 1585 1586 1587 1594 1596 1600 1603 1604 1607 1609 1610 1616 1617 1490 1618 1619 1493 1494 1622 1623 1498 1501 1630 1631 1504 1505 1632 1633 1638 1512 1513 1515 1647 1650 1651 1524 1533
1025 389 774 519 393 651 656 667 416 1060 557 689 817 696 828 701 577 1092 843 589 1105 982 1016 348 350 992 738 356 870 487 373 504 1019 764 893
74 43 212
1290 1291 1164 1167 1172 1301 1303 1176 1177 1187 1325 1199 1208 1223 1229 1245 1250 1125 1259 1260 1140 1268 1147 1276 1277
2818 2787 2955 2412 2349 2636 2829 2957 2804 2744 3039 2683 2813 2751
2944 2562 2724 2917 2346 2347 2701 3021 2515 2583 2397
1665 1699 1668 1669 1672 1674 1676 1677 1652 1654 1658 1662 1663
1408 1409 1411 1413 1415 1416 1419 1420 1421 1422 1423 1424 1425 1426 1427 1428 1431 1432 1433 1435 1438 1439 1440 1442 1444 1453 1454 1455 1457 1463 1464 1337 1466 1471 1475 1476 1477 1478 1351 1480 1482 1483 1363 1382 1383 1384 1388 1392 1395 1396 1397 1399 1403 1404 1405
899 900 523 1035 401 535 1053 808 939 1068 433 1074 947 436 702 703 576 449 1086 1088 585 588 1101 976 465 1109 728 732 862 608 737 612 489 748 502 760 505
1264 1234 1179 1220