1184 1218 1188 1189 1198 1327 1200 1232 1333
3234 3298 3458 3399 3312 3573 3191 3195 3423
1664 1696 1703 1705 1687 1692 1693 1694
2313 2314 2319 1938 1812 2073 2202 2329 2333 2335 2336 2094 1968 1845 1975 2103 1979 2121 2123 2252 2003 2261 1878 1762 1775 2287 2292
3264 3395 3560 3498 3539 3319 3547
1409 1475 1415 1482 1388 1399 1404
1285 1287 1160 1288 1290 1292 1166 1296 1299 1173 1306 1180 1309 1182 1310 1313 1188 1193 1325 1199 1327 1204 1332 1334 1207 1214 1216 1222 1228 1237 1240 1241 1244 1256 1257 1258 1139 1267 1141 1148 1149
3136 3246 3247 3280 3471 3538 3220 3447 3166
3235 3428 3205 3154 3382
130 133 136 105 296 140 241 89 126
1541 1543 1545 1551 1554 1568 1575 1576 1577 1579 1583 1585 1586 1587 1594 1596 1600 1603 1604 1607 1609 1610 1616 1617 1490 1618 1619 1493 1494 1622 1623 1498 1501 1630 1631 1504 1505 1632 1633 1638 1512 1513 1515 1647 1650 1651 1524 1533
1025 389 774 519 393 651 656 667 416 1060 557 689 817 696 828 701 577 1092 843 589 1105 982 1016 348 350 992 738 356 870 487 373 504 1019 764 893
74 43 212
1290 1291 1164 1167 1172 1301 1303 1176 1177 1187 1325 1199 1208 1223 1229 1245 1250 1125 1259 1260 1140 1268 1147 1276 1277
2818 2787 2955 2412 2349 2636 2829 2957 2804 2744 3039 2683 2813 2751
2944 2562 2724 2917 2346 2347 2701 3021 2515 2583 2397
2616 2986 2515 2947
3200 3169 3511 3337 3118 3377 3413 3255 3130 3390
2801 2482 2542 2495
3044 2534 2547 2868 2806 2650 2974
2532 2855 2571 2987 2932 2997 2780
3104 3559 3273 3087 3538 3351 3229
3585 3587 3594 3595 3578
640 516 398 1040 915 916 1044 1047 669 421 430 451 838 711 1096 467 1107 346 354 357 613 364 1005 751 754 883 1013
1669 1682 1685 1688 1691
2113 2212 2054 2025 1834 2099 1749 2038 1817 1851
2881 3074 2410 2641 2931
705 386 455 457 499 693 566 444 605 604
2688 3073 2692 2827 2828 2830 2855 2604 2872 2752 2893 2511 2781 2912 3045 2807 2424 2939 2428 2941
2468 3076 2536 2892 2381 3021 3022 2705 2578 2674 3032 2488 2585 2490 3065