14123 14124 14125 14189 14064 14129 14130 14142
84489 84474 84484
46349 46352 46385 46354 46386 46358 46390 46360 46361 46395 46397
73634 73730 73734 73781 73759
67196 67074 67197 67176 67083 67180 67184 67155 67194 67127 67129 67098 67067 67100 67101
11360 11266 11303 11432 11370 11406 11417
34880 34980 34981 34791 34761 34793 34921 34924 34861 34929 34835 34837 34965 34967 34904 34970 34909
56897 57027 56996 57029 57031 56918 57017 56922
18502 18576 18547 18585 18650 18590 18652 18526 18559
60449 60452 60453 60484 60487 60488 60459 60492 60466 60471 60476 60477 60478 60511
52480 52483 52359 52491 52364 52376 52507 52510 52513 52515 52516 52392 52521 52398 52413 52425 52440 52441 52444 52448 52450 52458 52462 52471 52477
10627 10628 10630 10632 10633 10641 10647 10650 10653 10656 10657 10658 10659 10664 10667 10670 10673 10676 10677 10597 10599 10606 10621
43899 43892 43903
15841 15811 15780 15812 15800 15852 15822 15794 15867 15768 15771 15837
70880 70913 70936 70978 70982 70985 71018 70955 70988 70958 70931 70995 70871 70872 70906 70973
57315 57287 57328 57272 57308
38824 38848 38847
40032 40002 40036 40008 39996
45200 45202 45205 45210 45214 45217 45218 45219 45345 45224 45225 45229 45230 45233 45235 45237 45244 45245 45249 45250 45251 45259 45260 45263 45270 45274 45277 45278 45164 45293 45172
31104 31112 31115 31118 31119 31124 31129 31069 31070 31071 31074 31079 31080 31081 31083 31093 31095 31101 31103
55777 55778 55809 55781 55814 55817 55786 55803 55807 55757 55759 55826 55733 55799 55770 55771 55772 55743
69902 69872 69943 69978 69948 69951
60805 60837 60841 60778 60863 60812 60907 60850 60788 60822 60791 60831
10369 10434 10371 10465 10375 10408 10411 10414 10487 10392 10393 10394
24707 24712 24740 24742 24745 24746 24749 24754 24755 24764 24767 24775 24657 24669 24672 24673 24684 24688 24691 24701
74176 74184 74187 74188 74192 74193 74195 74197 74202 74204 74207 74209 74213 74214 74216 74217 74219 74220 74223 74224 74227 74229 74233
61831 61832 61833 61848 61849 61852 61889 61891 61901 61903 61904 61907 61908 61909 61911 61914 61916 61918 61921 61924 61928 61944
28736 28708 28680 28683 28684 28715 28717 28656 28689 28721 28627 28723 28664 28700 28734
48097 48103 48095
13409 13411 13412 13413 13448 13459 13433 13436 13437 13406
75235 75176 75125 75129 75100
34668 34663 34670 34631
43232 43233 43234 43203 43246 43247 43228
78081 78082 78089 78090 78091 78103 78105 78108 78109 78120 78121 78124 78125 78128 78131 78137 78142 78144 78156 78162 78163 78164 78170 78171 78172 78174 78176 78177 78180 78183 78184 78185 78200 78201
53383 53415 53385 53388 53422 53423 53424 53395 53399 53407
77221 77228 77231 77232 77201 77170 77176 77211
27648 27617 27618 27651 27653 27622 27613 27614 27615
58515 58517 58520 58526 58528 58530 58534 58535 58545 58547 58550 58558 58565 58567 58571 58573 58583 58584 58589 58599 58612 58617 58621
3698 3699 3701 3702 3703 3705 3706 3707 3708
70211 70203 70205 70230
30728 30733 30719
57892 57901 57875 57912 57916
70784 70785 70794 70796 70680 70683 70690 70692 70693 70698 70703 70705 70706 70709 70714 70715 70717 70721 70722 70725 70727 70728 70731 70733 70740 70745 70746 70747 70759 70764 70778 70782 70783
26978 27017 27083 27058 26995
67553 67524 67441 67543 67480 67516
27527 27502 27504 27536 27506 27568 27508 27571 27510 27578 27515 27580
4024 4026 4027
85782 85795 85798 85810 85811 85814 85817 85819 85822 85824 85825 85832 85836 85839 85841 85843 85845 85850 85853 85854 85856 85860 85863 85865
42926 42928 42931 42932 42934 42937 42938 42939 42941 42942 42943 42946 42947 42948 42949 42951 42952 42953 42954 42956 42959
85921 85923 85955 85959 85896 85928 85930 85934 85903 85967 85968 85908 85877 85916 85950 85887