312256 312259 312263 312264 312242 312243 312275 312245 312246 312247 312248 312251 312252 312253
273744 273745 273746 273747 273748 273749
311300 311301 272670 272671
316273 316274 161966 176279
312049 312051 312052 312053 312054 269240
306944 306945 306946 306942
231809 231810 231811 231813 231814 288567 231738 167360 167361 231756 231757 231759 231760 231761 69714 231762 231763 231764 202582 231766 231768 231767 231770 231771 231772 231775 231777 289121 231779 231780 231783 231784 231785 231786 231790 231792 231793 231797 231798 231799 231800 231801 231807
252292 268437 268442 268443 268446 268450 268453 268454 268455 268458 268462 268464 268468 268469 268471 268472 174009 268475 268477 268493 268494 268495 268496 268498 268500 268501 227698 268531 268532 268533
232996 232997 232998 233000 97929 216586 233001 208108 233002 233003 233004 31920 140048 72471 215191 179514 246650
302752 302753 204431 302741 302742 302743 302744 302745 302746 302747 302748 302749 302750 302751
311964 134946 311956 311957 311958 311959 311960 311961 311962 311963 270364 311965
311728 311726 239102
303914 303915 303916 303917 303918 303919 303920 303921 303922 303923 303924 303925 303926 303927 303928 303929 303930 303931 303932 303933 303935 178406
162853 289727 289728 289729 289730 289731 289732 289733 289734 289735 289736 289737 289738 289740 289741 289743 289744 289745 289746 289747 289748 214486 289750 289752 259177 279924
74120 57490 262298 262299 262300 262301 262302 262303 262304 218017 17954 262305 262306 262307 262308 262309 262310 262311 262312 262313 262314 262315 60099 262221 262222 115682 57956 87149 99440 262259
312650 312651 312652
280849 280844 280845 280846
304896 304898 304899 304900 304901 304902 304903 304904 304905 304906 304907 304908 217634 217635 304883 304884 304885 304886 304887 304888 304890 304891 304892 304893 304894 304895
218500 257039 243109 243110 190644 298818 298819 298822 244295 298823 298824 298825 298826 298827 298828 298829 298830 258512 298831 298832 298833 298834 298835 298836 298837 298838 298839 298840 298841 288092 288093 288094 288095 298842 298846 254450 263675
314763 314764 314765 314766 314767 314768 314771 237625
300200 300201 300202 300203 300204 267598 131344
304528 294367 294362 143670 143671 294363 294364 294365 287553 294366 292426 292427 292428 270029 292429 292430 292431 292432 292433 292434 292435 292436 292437 292438 292439 292440 278362 292441 292442 292443 292444 292445 292446 292447 292448 292449 292450 251109 292451 292452 292453 262767 267006
315237 315238 315239 315240 315241 315242 315243 315244 315245 225535
295778 295783 295785 295765 295766 201816 295769 295770 295771
300658 300659 300660 300661 300662 300663
291584 291585 291586 291587 291588 291571 291574 291575 291576 291577 291578 291579 291580 291581 291582 291583
291341 291342 291343 198190 198191 291344 291345 291346 291347 291350 291351 291352 291353 291354
229728 288814 288817 288818 299889 249012 288820 288821 288822 288823 288825 288824
288705 288706 288708 288710 288703
266501 308520 308521 308522 308523 308526 308527 283833 273567
315904 315905 315906 315907 315908 196357 315910 315912 315897 315898 315899 315900 315901 315902 315903
270792 270793 270794 270795 270796 270797
240178 240179 240180 240181 240182
183460 183461 183462 183463 183464 183465 194488 194490 194491 194492 194495 194497 194501 194504 194505 194506 194507 194510 194512 194513 194515 194518 194522 194523
250752 250753 250754 250755 250756 260229 250759 250760 250761 250762 250763 260231 138509 260232 250767 250768 138513 250769 138515 138516 250770 250772 250774 250775 138521 260242 138523 138526 138531 138537 219817 138542 138543 138544 272587 272588 272589 272590 272591 26207 4341 250745 250746 250747 250748 250749 250750 250751
250753 250754 250756 260229 250759 250760 260231 250762 250763 260232 138513 250769 250770 138516 250772 250774 250775 260242 138526 138537 138542 272587 272588 272589 272590 272591 4341 250750 250751
315686 211270 315688 315689 315687 315690 315691 315693 315694
311744 311745 311746 311748 311749 311751 311752 311755 311756 311731 311733 311734 311735 311737 311739 311741 311743
267906 267907 267908 267909 267911 97170 312338 312339 312341 312342 312343 312344 312345 312346 312347 312348 312349 312350 94677
277126 277127 304302 304304 304305 304306 176248
299180 299181 299185 299187 299188 299189 299190 299191 299192
270624 270625 270626 180868 270628 191221 270618 270619 270621 270623
273867 273868 273870 273871 273872
110976 110977 110978 110954 68111 68112 110971 110972 110973 110975
273990 281327 267312 267313 267314 281328 281330 226871 293787
299434 299435 299436 299437 299438 299439 299440 299441 299442 299443 299444 299445 299446 299447 299448 299449 299450 299451 299452 299454
313481 313482 313483 313484 313485 313488 313489 313497 240605
298982 275288 282963 275285 275286 275287 273624 275289 275290 223643 282964 282966
116480 102537 115731 115738 115483 115742 146985 217134 115793 115798 115799 115800 115801 115803 115804 115805 115806 115807 115808 115809 115810 115811 115812 115813 115814 115815 115816 115817 115818 115819 115820 115821 115822 115567 102647
256768 256769 256770 256771 256772 256773 256774 256776 256777 245438 171367 256757 256758 256760 256762 256764 256765 256766 256767